{
 "cells": [
  {
   "cell_type": "code",
   "execution_count": 1,
   "metadata": {},
   "outputs": [
    {
     "name": "stdout",
     "output_type": "stream",
     "text": [
      "WorldModel::LoadRobot: /home/luca/Klampt-examples/data/robots/robonaut2.rob\n",
      "RobParser: Reading robot file /home/luca/Klampt-examples/data/robots/robonaut2.rob...\n",
      "RobParser:    Parsing robot file, 90 links read...\n",
      "LoadAssimp: Loaded model /home/luca/Klampt-examples/data/robots/robonaut2/baseplate.off (232 verts, 320 tris)\n",
      "LoadAssimp: Loaded model /home/luca/Klampt-examples/data/robots/robonaut2/base.off (2052 verts, 3880 tris)\n",
      "LoadAssimp: Loaded model /home/luca/Klampt-examples/data/robots/robonaut2/waist_center.off (7552 verts, 15072 tris)\n",
      "LoadAssimp: Loaded model /home/luca/Klampt-examples/data/robots/robonaut2/backpack.off (7108 verts, 14212 tris)\n",
      "LoadAssimp: Loaded model /home/luca/Klampt-examples/data/robots/robonaut2/body_cover.off (737 verts, 1388 tris)\n",
      "LoadAssimp: Loaded model /home/luca/Klampt-examples/data/robots/robonaut2/left_shoulder_roll.off (577 verts, 1150 tris)\n",
      "LoadAssimp: Loaded model /home/luca/Klampt-examples/data/robots/robonaut2/left_shoulder_pitch.off (251 verts, 498 tris)\n",
      "LoadAssimp: Loaded model /home/luca/Klampt-examples/data/robots/robonaut2/left_upper_arm.off (764 verts, 1524 tris)\n",
      "LoadAssimp: Loaded model /home/luca/Klampt-examples/data/robots/robonaut2/left_elbow.off (351 verts, 698 tris)\n",
      "LoadAssimp: Loaded model /home/luca/Klampt-examples/data/robots/robonaut2/left_lower_arm.off (909 verts, 1830 tris)\n",
      "LoadAssimp: Loaded model /home/luca/Klampt-examples/data/robots/robonaut2/left_palm.off (454 verts, 912 tris)\n",
      "LoadAssimp: Loaded model /home/luca/Klampt-examples/data/robots/robonaut2/left_index_proximal.off (206 verts, 404 tris)\n",
      "LoadAssimp: Loaded model /home/luca/Klampt-examples/data/robots/robonaut2/left_index_medial.off (192 verts, 376 tris)\n",
      "LoadAssimp: Loaded model /home/luca/Klampt-examples/data/robots/robonaut2/left_index_distal.off (383 verts, 758 tris)\n",
      "LoadAssimp: Loaded model /home/luca/Klampt-examples/data/robots/robonaut2/left_little_proximal.off (206 verts, 404 tris)\n",
      "LoadAssimp: Loaded model /home/luca/Klampt-examples/data/robots/robonaut2/left_little_medial.off (192 verts, 376 tris)\n",
      "LoadAssimp: Loaded model /home/luca/Klampt-examples/data/robots/robonaut2/left_little_distal.off (383 verts, 758 tris)\n",
      "LoadAssimp: Loaded model /home/luca/Klampt-examples/data/robots/robonaut2/left_middle_proximal.off (206 verts, 404 tris)\n",
      "LoadAssimp: Loaded model /home/luca/Klampt-examples/data/robots/robonaut2/left_middle_medial.off (192 verts, 376 tris)\n",
      "LoadAssimp: Loaded model /home/luca/Klampt-examples/data/robots/robonaut2/left_middle_distal.off (383 verts, 758 tris)\n",
      "LoadAssimp: Loaded model /home/luca/Klampt-examples/data/robots/robonaut2/left_ring_proximal.off (206 verts, 404 tris)\n",
      "LoadAssimp: Loaded model /home/luca/Klampt-examples/data/robots/robonaut2/left_ring_medial.off (192 verts, 376 tris)\n",
      "LoadAssimp: Loaded model /home/luca/Klampt-examples/data/robots/robonaut2/left_ring_distal.off (383 verts, 758 tris)\n",
      "LoadAssimp: Loaded model /home/luca/Klampt-examples/data/robots/robonaut2/left_thumb_proximal.off (271 verts, 518 tris)\n",
      "LoadAssimp: Loaded model /home/luca/Klampt-examples/data/robots/robonaut2/left_thumb_medial_prime.off (374 verts, 740 tris)\n",
      "LoadAssimp: Loaded model /home/luca/Klampt-examples/data/robots/robonaut2/left_thumb_medial.off (319 verts, 630 tris)\n",
      "LoadAssimp: Loaded model /home/luca/Klampt-examples/data/robots/robonaut2/left_thumb_distal.off (464 verts, 920 tris)\n",
      "LoadAssimp: Loaded model /home/luca/Klampt-examples/data/robots/robonaut2/right_shoulder_roll.off (539 verts, 1074 tris)\n",
      "LoadAssimp: Loaded model /home/luca/Klampt-examples/data/robots/robonaut2/right_shoulder_pitch.off (236 verts, 468 tris)\n",
      "LoadAssimp: Loaded model /home/luca/Klampt-examples/data/robots/robonaut2/right_upper_arm.off (741 verts, 1478 tris)\n",
      "LoadAssimp: Loaded model /home/luca/Klampt-examples/data/robots/robonaut2/right_elbow.off (250 verts, 496 tris)\n",
      "LoadAssimp: Loaded model /home/luca/Klampt-examples/data/robots/robonaut2/right_lower_arm.off (909 verts, 1830 tris)\n",
      "LoadAssimp: Loaded model /home/luca/Klampt-examples/data/robots/robonaut2/right_palm.off (454 verts, 912 tris)\n",
      "LoadAssimp: Loaded model /home/luca/Klampt-examples/data/robots/robonaut2/right_index_proximal.off (206 verts, 404 tris)\n",
      "LoadAssimp: Loaded model /home/luca/Klampt-examples/data/robots/robonaut2/right_index_medial.off (192 verts, 376 tris)\n",
      "LoadAssimp: Loaded model /home/luca/Klampt-examples/data/robots/robonaut2/right_index_distal.off (383 verts, 758 tris)\n",
      "LoadAssimp: Loaded model /home/luca/Klampt-examples/data/robots/robonaut2/right_little_proximal.off (206 verts, 404 tris)\n",
      "LoadAssimp: Loaded model /home/luca/Klampt-examples/data/robots/robonaut2/right_little_medial.off (192 verts, 376 tris)\n",
      "LoadAssimp: Loaded model /home/luca/Klampt-examples/data/robots/robonaut2/right_little_distal.off (383 verts, 758 tris)\n",
      "LoadAssimp: Loaded model /home/luca/Klampt-examples/data/robots/robonaut2/right_middle_proximal.off (206 verts, 404 tris)\n",
      "LoadAssimp: Loaded model /home/luca/Klampt-examples/data/robots/robonaut2/right_middle_medial.off (192 verts, 376 tris)\n",
      "LoadAssimp: Loaded model /home/luca/Klampt-examples/data/robots/robonaut2/right_middle_distal.off (383 verts, 758 tris)\n",
      "LoadAssimp: Loaded model /home/luca/Klampt-examples/data/robots/robonaut2/right_ring_proximal.off (206 verts, 404 tris)\n",
      "LoadAssimp: Loaded model /home/luca/Klampt-examples/data/robots/robonaut2/right_ring_medial.off (192 verts, 376 tris)\n",
      "LoadAssimp: Loaded model /home/luca/Klampt-examples/data/robots/robonaut2/right_ring_distal.off (383 verts, 758 tris)\n",
      "LoadAssimp: Loaded model /home/luca/Klampt-examples/data/robots/robonaut2/right_thumb_proximal.off (271 verts, 518 tris)\n",
      "LoadAssimp: Loaded model /home/luca/Klampt-examples/data/robots/robonaut2/right_thumb_medial_prime.off (374 verts, 740 tris)\n",
      "LoadAssimp: Loaded model /home/luca/Klampt-examples/data/robots/robonaut2/right_thumb_medial.off (319 verts, 630 tris)\n",
      "LoadAssimp: Loaded model /home/luca/Klampt-examples/data/robots/robonaut2/right_thumb_distal.off (464 verts, 920 tris)\n",
      "LoadAssimp: Loaded model /home/luca/Klampt-examples/data/robots/robonaut2/neck_base.off (701 verts, 1398 tris)\n",
      "LoadAssimp: Loaded model /home/luca/Klampt-examples/data/robots/robonaut2/neck_lower_pitch.off (708 verts, 1412 tris)\n",
      "LoadAssimp: Loaded model /home/luca/Klampt-examples/data/robots/robonaut2/neck_roll.off (2605 verts, 5210 tris)\n",
      "RobParser: Loaded geometries in time 0.170915s, 73682 total primitive elements\n",
      "RobParser: Done loading robot file /home/luca/Klampt-examples/data/robots/robonaut2.rob\n",
      "Number of DOFs: 54\n",
      "Active DOFs: Int64Index([ 4,  9, 10, 11, 12, 13, 14, 15, 17, 18, 19, 20, 22, 23, 24, 26, 27,\n",
      "            28, 29, 31, 32, 33, 35, 37, 38, 39, 41, 42, 43, 44, 45, 46, 47, 49,\n",
      "            50, 51, 52, 54, 55, 56, 58, 59, 60, 61, 63, 64, 65, 67, 69, 70, 71,\n",
      "            73, 74, 75],\n",
      "           dtype='int64')\n",
      "4: waist_center\n",
      "9: left_shoulder_roll\n",
      "10: left_shoulder_pitch\n",
      "11: left_upper_arm\n",
      "12: left_elbow\n",
      "13: left_lower_arm\n",
      "14: left_wrist_pitch\n",
      "15: left_wrist_yaw\n",
      "17: left_index_base\n",
      "18: left_index_proximal\n",
      "19: left_index_medial\n",
      "20: left_index_distal\n",
      "22: left_little_proximal\n",
      "23: left_little_medial\n",
      "24: left_little_distal\n",
      "26: left_middle_base\n",
      "27: left_middle_proximal\n",
      "28: left_middle_medial\n",
      "29: left_middle_distal\n",
      "31: left_ring_proximal\n",
      "32: left_ring_medial\n",
      "33: left_ring_distal\n",
      "35: left_thumb_base\n",
      "37: left_thumb_medial_prime\n",
      "38: left_thumb_medial\n",
      "39: left_thumb_distal\n",
      "41: right_shoulder_roll\n",
      "42: right_shoulder_pitch\n",
      "43: right_upper_arm\n",
      "44: right_elbow\n",
      "45: right_lower_arm\n",
      "46: right_wrist_pitch\n",
      "47: right_wrist_yaw\n",
      "49: right_index_base\n",
      "50: right_index_proximal\n",
      "51: right_index_medial\n",
      "52: right_index_distal\n",
      "54: right_little_proximal\n",
      "55: right_little_medial\n",
      "56: right_little_distal\n",
      "58: right_middle_base\n",
      "59: right_middle_proximal\n",
      "60: right_middle_medial\n",
      "61: right_middle_distal\n",
      "63: right_ring_proximal\n",
      "64: right_ring_medial\n",
      "65: right_ring_distal\n",
      "67: right_thumb_base\n",
      "69: right_thumb_medial_prime\n",
      "70: right_thumb_medial\n",
      "71: right_thumb_distal\n",
      "73: neck_base\n",
      "74: neck_lower_pitch\n",
      "75: neck_roll\n"
     ]
    },
    {
     "data": {
      "text/html": [
       "<div>\n",
       "<style scoped>\n",
       "    .dataframe tbody tr th:only-of-type {\n",
       "        vertical-align: middle;\n",
       "    }\n",
       "\n",
       "    .dataframe tbody tr th {\n",
       "        vertical-align: top;\n",
       "    }\n",
       "\n",
       "    .dataframe thead th {\n",
       "        text-align: right;\n",
       "    }\n",
       "</style>\n",
       "<table border=\"1\" class=\"dataframe\">\n",
       "  <thead>\n",
       "    <tr style=\"text-align: right;\">\n",
       "      <th></th>\n",
       "      <th>4</th>\n",
       "      <th>9</th>\n",
       "      <th>10</th>\n",
       "      <th>11</th>\n",
       "      <th>12</th>\n",
       "      <th>13</th>\n",
       "      <th>14</th>\n",
       "      <th>15</th>\n",
       "      <th>17</th>\n",
       "      <th>18</th>\n",
       "      <th>...</th>\n",
       "      <th>63</th>\n",
       "      <th>64</th>\n",
       "      <th>65</th>\n",
       "      <th>67</th>\n",
       "      <th>69</th>\n",
       "      <th>70</th>\n",
       "      <th>71</th>\n",
       "      <th>73</th>\n",
       "      <th>74</th>\n",
       "      <th>75</th>\n",
       "    </tr>\n",
       "  </thead>\n",
       "  <tbody>\n",
       "    <tr>\n",
       "      <th>count</th>\n",
       "      <td>3000.000000</td>\n",
       "      <td>3000.000000</td>\n",
       "      <td>3000.000000</td>\n",
       "      <td>3000.000000</td>\n",
       "      <td>3000.000000</td>\n",
       "      <td>3000.000000</td>\n",
       "      <td>3000.000000</td>\n",
       "      <td>3000.000000</td>\n",
       "      <td>3000.000000</td>\n",
       "      <td>3000.000000</td>\n",
       "      <td>...</td>\n",
       "      <td>3000.000000</td>\n",
       "      <td>3000.000000</td>\n",
       "      <td>3000.000000</td>\n",
       "      <td>3000.000000</td>\n",
       "      <td>3000.000000</td>\n",
       "      <td>3000.000000</td>\n",
       "      <td>3000.000000</td>\n",
       "      <td>3000.000000</td>\n",
       "      <td>3000.000000</td>\n",
       "      <td>3000.000000</td>\n",
       "    </tr>\n",
       "    <tr>\n",
       "      <th>mean</th>\n",
       "      <td>0.045332</td>\n",
       "      <td>0.009412</td>\n",
       "      <td>-0.755961</td>\n",
       "      <td>-2.824035</td>\n",
       "      <td>-1.429583</td>\n",
       "      <td>1.613100</td>\n",
       "      <td>-0.013971</td>\n",
       "      <td>0.005719</td>\n",
       "      <td>-0.004210</td>\n",
       "      <td>0.784709</td>\n",
       "      <td>...</td>\n",
       "      <td>1.478508</td>\n",
       "      <td>1.463863</td>\n",
       "      <td>1.478629</td>\n",
       "      <td>0.606333</td>\n",
       "      <td>0.697952</td>\n",
       "      <td>0.612354</td>\n",
       "      <td>0.505176</td>\n",
       "      <td>-0.273117</td>\n",
       "      <td>-0.018190</td>\n",
       "      <td>-0.260142</td>\n",
       "    </tr>\n",
       "    <tr>\n",
       "      <th>std</th>\n",
       "      <td>1.817891</td>\n",
       "      <td>0.909934</td>\n",
       "      <td>0.527546</td>\n",
       "      <td>1.646480</td>\n",
       "      <td>0.829912</td>\n",
       "      <td>1.625572</td>\n",
       "      <td>0.708013</td>\n",
       "      <td>0.449614</td>\n",
       "      <td>0.202115</td>\n",
       "      <td>0.451461</td>\n",
       "      <td>...</td>\n",
       "      <td>0.858618</td>\n",
       "      <td>0.848307</td>\n",
       "      <td>0.865629</td>\n",
       "      <td>0.353585</td>\n",
       "      <td>0.404903</td>\n",
       "      <td>0.355074</td>\n",
       "      <td>0.607921</td>\n",
       "      <td>0.252268</td>\n",
       "      <td>0.701886</td>\n",
       "      <td>0.250893</td>\n",
       "    </tr>\n",
       "    <tr>\n",
       "      <th>min</th>\n",
       "      <td>-3.134869</td>\n",
       "      <td>-1.569691</td>\n",
       "      <td>-1.658957</td>\n",
       "      <td>-5.679990</td>\n",
       "      <td>-2.876211</td>\n",
       "      <td>-1.297471</td>\n",
       "      <td>-1.219744</td>\n",
       "      <td>-0.784832</td>\n",
       "      <td>-0.348958</td>\n",
       "      <td>0.000277</td>\n",
       "      <td>...</td>\n",
       "      <td>0.000172</td>\n",
       "      <td>0.000039</td>\n",
       "      <td>0.001123</td>\n",
       "      <td>0.000032</td>\n",
       "      <td>0.000343</td>\n",
       "      <td>0.000461</td>\n",
       "      <td>-0.521995</td>\n",
       "      <td>-0.699792</td>\n",
       "      <td>-1.219476</td>\n",
       "      <td>-0.699625</td>\n",
       "    </tr>\n",
       "    <tr>\n",
       "      <th>25%</th>\n",
       "      <td>-1.548871</td>\n",
       "      <td>-0.771000</td>\n",
       "      <td>-1.203193</td>\n",
       "      <td>-4.267606</td>\n",
       "      <td>-2.149292</td>\n",
       "      <td>0.276109</td>\n",
       "      <td>-0.627769</td>\n",
       "      <td>-0.370296</td>\n",
       "      <td>-0.177081</td>\n",
       "      <td>0.387608</td>\n",
       "      <td>...</td>\n",
       "      <td>0.727172</td>\n",
       "      <td>0.732872</td>\n",
       "      <td>0.715882</td>\n",
       "      <td>0.297421</td>\n",
       "      <td>0.349610</td>\n",
       "      <td>0.307924</td>\n",
       "      <td>-0.018560</td>\n",
       "      <td>-0.493667</td>\n",
       "      <td>-0.634037</td>\n",
       "      <td>-0.474307</td>\n",
       "    </tr>\n",
       "    <tr>\n",
       "      <th>50%</th>\n",
       "      <td>0.069976</td>\n",
       "      <td>0.013720</td>\n",
       "      <td>-0.766498</td>\n",
       "      <td>-2.831018</td>\n",
       "      <td>-1.424070</td>\n",
       "      <td>1.604525</td>\n",
       "      <td>-0.019705</td>\n",
       "      <td>0.008575</td>\n",
       "      <td>-0.007088</td>\n",
       "      <td>0.783539</td>\n",
       "      <td>...</td>\n",
       "      <td>1.469384</td>\n",
       "      <td>1.463907</td>\n",
       "      <td>1.478356</td>\n",
       "      <td>0.611305</td>\n",
       "      <td>0.688973</td>\n",
       "      <td>0.605081</td>\n",
       "      <td>0.497134</td>\n",
       "      <td>-0.275606</td>\n",
       "      <td>-0.028748</td>\n",
       "      <td>-0.258159</td>\n",
       "    </tr>\n",
       "    <tr>\n",
       "      <th>75%</th>\n",
       "      <td>1.629603</td>\n",
       "      <td>0.804417</td>\n",
       "      <td>-0.310165</td>\n",
       "      <td>-1.396461</td>\n",
       "      <td>-0.705098</td>\n",
       "      <td>2.976222</td>\n",
       "      <td>0.612073</td>\n",
       "      <td>0.384315</td>\n",
       "      <td>0.172268</td>\n",
       "      <td>1.170556</td>\n",
       "      <td>...</td>\n",
       "      <td>2.222905</td>\n",
       "      <td>2.183973</td>\n",
       "      <td>2.239628</td>\n",
       "      <td>0.906519</td>\n",
       "      <td>1.054911</td>\n",
       "      <td>0.930376</td>\n",
       "      <td>1.035471</td>\n",
       "      <td>-0.058884</td>\n",
       "      <td>0.588000</td>\n",
       "      <td>-0.043837</td>\n",
       "    </tr>\n",
       "    <tr>\n",
       "      <th>max</th>\n",
       "      <td>3.136558</td>\n",
       "      <td>1.569621</td>\n",
       "      <td>0.174979</td>\n",
       "      <td>-0.000455</td>\n",
       "      <td>-0.000268</td>\n",
       "      <td>4.444409</td>\n",
       "      <td>1.218982</td>\n",
       "      <td>0.783640</td>\n",
       "      <td>0.349023</td>\n",
       "      <td>1.569303</td>\n",
       "      <td>...</td>\n",
       "      <td>2.965433</td>\n",
       "      <td>2.966444</td>\n",
       "      <td>2.967081</td>\n",
       "      <td>1.221491</td>\n",
       "      <td>1.395905</td>\n",
       "      <td>1.221538</td>\n",
       "      <td>1.569543</td>\n",
       "      <td>0.174625</td>\n",
       "      <td>1.219602</td>\n",
       "      <td>0.174633</td>\n",
       "    </tr>\n",
       "  </tbody>\n",
       "</table>\n",
       "<p>8 rows × 54 columns</p>\n",
       "</div>"
      ],
      "text/plain": [
       "                4            9            10           11           12  \\\n",
       "count  3000.000000  3000.000000  3000.000000  3000.000000  3000.000000   \n",
       "mean      0.045332     0.009412    -0.755961    -2.824035    -1.429583   \n",
       "std       1.817891     0.909934     0.527546     1.646480     0.829912   \n",
       "min      -3.134869    -1.569691    -1.658957    -5.679990    -2.876211   \n",
       "25%      -1.548871    -0.771000    -1.203193    -4.267606    -2.149292   \n",
       "50%       0.069976     0.013720    -0.766498    -2.831018    -1.424070   \n",
       "75%       1.629603     0.804417    -0.310165    -1.396461    -0.705098   \n",
       "max       3.136558     1.569621     0.174979    -0.000455    -0.000268   \n",
       "\n",
       "                13           14           15           17           18  ...  \\\n",
       "count  3000.000000  3000.000000  3000.000000  3000.000000  3000.000000  ...   \n",
       "mean      1.613100    -0.013971     0.005719    -0.004210     0.784709  ...   \n",
       "std       1.625572     0.708013     0.449614     0.202115     0.451461  ...   \n",
       "min      -1.297471    -1.219744    -0.784832    -0.348958     0.000277  ...   \n",
       "25%       0.276109    -0.627769    -0.370296    -0.177081     0.387608  ...   \n",
       "50%       1.604525    -0.019705     0.008575    -0.007088     0.783539  ...   \n",
       "75%       2.976222     0.612073     0.384315     0.172268     1.170556  ...   \n",
       "max       4.444409     1.218982     0.783640     0.349023     1.569303  ...   \n",
       "\n",
       "                63           64           65           67           69  \\\n",
       "count  3000.000000  3000.000000  3000.000000  3000.000000  3000.000000   \n",
       "mean      1.478508     1.463863     1.478629     0.606333     0.697952   \n",
       "std       0.858618     0.848307     0.865629     0.353585     0.404903   \n",
       "min       0.000172     0.000039     0.001123     0.000032     0.000343   \n",
       "25%       0.727172     0.732872     0.715882     0.297421     0.349610   \n",
       "50%       1.469384     1.463907     1.478356     0.611305     0.688973   \n",
       "75%       2.222905     2.183973     2.239628     0.906519     1.054911   \n",
       "max       2.965433     2.966444     2.967081     1.221491     1.395905   \n",
       "\n",
       "                70           71           73           74           75  \n",
       "count  3000.000000  3000.000000  3000.000000  3000.000000  3000.000000  \n",
       "mean      0.612354     0.505176    -0.273117    -0.018190    -0.260142  \n",
       "std       0.355074     0.607921     0.252268     0.701886     0.250893  \n",
       "min       0.000461    -0.521995    -0.699792    -1.219476    -0.699625  \n",
       "25%       0.307924    -0.018560    -0.493667    -0.634037    -0.474307  \n",
       "50%       0.605081     0.497134    -0.275606    -0.028748    -0.258159  \n",
       "75%       0.930376     1.035471    -0.058884     0.588000    -0.043837  \n",
       "max       1.221538     1.569543     0.174625     1.219602     0.174633  \n",
       "\n",
       "[8 rows x 54 columns]"
      ]
     },
     "execution_count": 1,
     "metadata": {},
     "output_type": "execute_result"
    }
   ],
   "source": [
    "import numpy as np\n",
    "import pandas as pd\n",
    "\n",
    "import os\n",
    "from matplotlib import pyplot as plt\n",
    "\n",
    "import klampt\n",
    "from klampt.model import ik\n",
    "\n",
    "world = klampt.WorldModel()\n",
    "robot_path = \"/home/luca/Klampt-examples/data/robots/robonaut2.rob\"\n",
    "robot_record_dir = \"robot_records\"\n",
    "num_ik_solutions = 3000\n",
    "num_subplots = 5\n",
    "num_ticks = 5\n",
    "\n",
    "robot_name = robot_path.split(\"/\")[-1].split(\".\")[0]\n",
    "world.loadElement(robot_path)\n",
    "\n",
    "robot = world.robot(0)\n",
    "robot.randomizeConfig()\n",
    "lastLink = robot.link(robot.numLinks()-1)\n",
    "link = lastLink\n",
    "\n",
    "\n",
    "num_poses = 3000\n",
    "\n",
    "# Generate random joint configurations and poses for the robot\n",
    "joint_configs = []\n",
    "poses = []\n",
    "for i in range(num_poses):\n",
    "    robot.randomizeConfig()\n",
    "    q = robot.getConfig()\n",
    "    joint_configs.append(q)\n",
    "    poses.append(lastLink.getWorldPosition([0,0,0]))\n",
    "\n",
    "# Create a DataFrame with the joint configurations and poses\n",
    "df = pd.DataFrame(joint_configs, columns=[i for i in range(robot.numLinks())])\n",
    "# remove columns with std smaller than 1e-4\n",
    "df = df.loc[:, df.std() > 1e-3]\n",
    "num_dofs = df.shape[1]\n",
    "print(f\"Number of DOFs: {num_dofs}\")\n",
    "print(f\"Active DOFs: {df.columns}\")\n",
    "active_joints = df.columns.to_numpy(dtype=np.int16)\n",
    "# print active_joints and the corresponding joint names\n",
    "for i in active_joints:\n",
    "    print(f\"{i}: {robot.link(int(i)).name}\")\n",
    "    \n",
    "df.describe()"
   ]
  },
  {
   "cell_type": "code",
   "execution_count": 2,
   "metadata": {},
   "outputs": [
    {
     "name": "stdout",
     "output_type": "stream",
     "text": [
      "WorldModel::LoadRobot: /home/luca/Klampt-examples/data/robots/robonaut2.rob\n",
      "[0.0, 0.0, 0.0, 0.0, -1.8778269378737673, 0.0, 0.0, 0.0, 0.0, -1.1633512933335042, -0.4948932704701521, -2.4335996803052717, -0.7761814757842482, 2.7539301533968796, -0.4149269451736133, -0.1261420161887734, 0.0, 0.1822490675179051, 0.751246870058238, 0.9145833632278179, 0.08658721869186835, 0.0, 2.1356983039337667, 1.880451930243639, 0.9605250960182515, 0.0, 0.22423614217002702, 0.023704383384298713, 0.40167855545956577, 0.09766858897994672, 0.0, 0.5020643037063369, 1.8241063288252364, 1.7308923093505166, 0.0, -0.03878977954051921, 0.0, 1.0236038875736315, 0.6166300921742944, 1.0325863319673512, 0.0, 1.0337184350675523, 0.046237079736886955, 4.642106171367739, -1.0250699107419092, -4.415888878091187, -1.173700393491285, 0.4289361858805344, 0.0, 0.09834678833151556, 0.9271236229860801, 0.7903682612769157, 0.5430456479885828, 0.0, 2.7311341740708492, 2.738852989789961, 0.3172303757225305, 0.0, -0.07053651757595897, 0.7938096083159604, 0.2544452921927186, 0.18646408084615324, 0.0, 0.41355096771770666, 1.4413942848494714, 2.7888666728372065, 0.0, 0.1887247674582176, 0.0, 1.035549834470893, 0.0026137251677055494, 0.15407240056287153, 0.0, -0.3881359998081512, 0.20862256748071983, -0.4445551594111859, 0.0, 0.0, 0.0, 0.0, 0.0, 0.0, 0.0, 0.0, 0.0, 0.0, 0.0, 0.0, 0.0, 0.0]\n",
      "RobParser: Reading robot file /home/luca/Klampt-examples/data/robots/robonaut2.rob...\n",
      "RobParser:    Parsing robot file, 90 links read...\n",
      "TriMeshTopology: mesh has 37 triangles with duplicate neighbors!\n",
      "  Triangle range 176 to 655\n",
      "  May see strange results for some triangle mesh operations\n",
      "RobParser: Loaded geometries in time 0.262964s, 73682 total primitive elements\n",
      "RobParser: Done loading robot file /home/luca/Klampt-examples/data/robots/robonaut2.rob\n"
     ]
    },
    {
     "name": "stderr",
     "output_type": "stream",
     "text": [
      "MomentRotation::setMatrix(): Warning- trace of matrix is greater than 3\n",
      "  Matrix:1 -7.53531e-05 -0.000263687\n",
      "7.53746e-05 1 9.18726e-05\n",
      "0.00026368 -9.18956e-05 1\n",
      "\n",
      "MomentRotation::setMatrix(): Warning- trace of matrix is greater than 3\n",
      "  Matrix:1 -7.53531e-05 -0.000263687\n",
      "7.53746e-05 1 9.18726e-05\n",
      "0.00026368 -9.18956e-05 1\n",
      "\n",
      "MomentRotation::setMatrix(): Warning- trace of matrix is greater than 3\n",
      "  Matrix:1 7.24153e-05 -0.000263438\n",
      "-7.23937e-05 1 9.19106e-05\n",
      "0.000263445 -9.18947e-05 1\n",
      "\n",
      "MomentRotation::setMatrix(): Warning- trace of matrix is greater than 3\n",
      "  Matrix:1 7.24153e-05 -0.000263438\n",
      "-7.23937e-05 1 9.19106e-05\n",
      "0.000263445 -9.18947e-05 1\n",
      "\n",
      "MomentRotation::setMatrix(): Warning- trace of matrix is greater than 3\n",
      "  Matrix:1 6.05321e-05 -0.000263458\n",
      "-6.05105e-05 1 9.19075e-05\n",
      "0.000263464 -9.18948e-05 1\n",
      "\n",
      "MomentRotation::setMatrix(): Warning- trace of matrix is greater than 3\n",
      "  Matrix:1 6.05321e-05 -0.000263458\n",
      "-6.05105e-05 1 9.19075e-05\n",
      "0.000263464 -9.18948e-05 1\n",
      "\n",
      "MomentRotation::setMatrix(): Warning- trace of matrix is greater than 3\n",
      "  Matrix:1 2.37409e-05 -0.00026352\n",
      "-2.37193e-05 1 9.18981e-05\n",
      "0.000263522 -9.1895e-05 1\n",
      "\n",
      "MomentRotation::setMatrix(): Warning- trace of matrix is greater than 3\n",
      "  Matrix:1 2.37409e-05 -0.00026352\n",
      "-2.37193e-05 1 9.18981e-05\n",
      "0.000263522 -9.1895e-05 1\n",
      "\n",
      "MomentRotation::setMatrix(): Warning- trace of matrix is greater than 3\n",
      "  Matrix:1 0.000433609 -0.00026283\n",
      "-0.000433587 1 9.20033e-05\n",
      "0.00026287 -9.18926e-05 1\n",
      "\n",
      "MomentRotation::setMatrix(): Warning- trace of matrix is greater than 3\n",
      "  Matrix:1 0.000433609 -0.00026283\n",
      "-0.000433587 1 9.20033e-05\n",
      "0.00026287 -9.18926e-05 1\n",
      "\n",
      "MomentRotation::setMatrix(): Warning- trace of matrix is greater than 3\n",
      "  Matrix:1 0.000708843 -0.000262366\n",
      "-0.000708821 1 9.20739e-05\n",
      "0.000262431 -9.18911e-05 1\n",
      "\n",
      "MomentRotation::setMatrix(): Warning- trace of matrix is greater than 3\n",
      "  Matrix:1 0.000708843 -0.000262366\n",
      "-0.000708821 1 9.20739e-05\n",
      "0.000262431 -9.18911e-05 1\n",
      "\n",
      "MomentRotation::setMatrix(): Warning- trace of matrix is greater than 3\n",
      "  Matrix:1 -4.95581e-05 -0.000263644\n",
      "4.95797e-05 1 9.18792e-05\n",
      "0.000263639 -9.18955e-05 1\n",
      "\n",
      "MomentRotation::setMatrix(): Warning- trace of matrix is greater than 3\n",
      "  Matrix:1 -4.95581e-05 -0.000263644\n",
      "4.95797e-05 1 9.18792e-05\n",
      "0.000263639 -9.18955e-05 1\n",
      "\n",
      "MomentRotation::setMatrix(): Warning- trace of matrix is greater than 3\n",
      "  Matrix:1 4.89028e-05 -0.000263478\n",
      "-4.88812e-05 1 9.19045e-05\n",
      "0.000263482 -9.18948e-05 1\n",
      "\n",
      "MomentRotation::setMatrix(): Warning- trace of matrix is greater than 3\n",
      "  Matrix:1 4.89028e-05 -0.000263478\n",
      "-4.88812e-05 1 9.19045e-05\n",
      "0.000263482 -9.18948e-05 1\n",
      "\n",
      "MomentRotation::setMatrix(): Warning- trace of matrix is greater than 3\n",
      "  Matrix:1 0.000400897 -0.000262885\n",
      "-0.000400875 1 9.19949e-05\n",
      "0.000262922 -9.18927e-05 1\n",
      "\n",
      "MomentRotation::setMatrix(): Warning- trace of matrix is greater than 3\n",
      "  Matrix:1 0.000400897 -0.000262885\n",
      "-0.000400875 1 9.19949e-05\n",
      "0.000262922 -9.18927e-05 1\n",
      "\n",
      "MomentRotation::setMatrix(): Warning- trace of matrix is greater than 3\n",
      "  Matrix:1 0.00062538 -0.000262507\n",
      "-0.000625358 1 9.20525e-05\n",
      "0.000262564 -9.18915e-05 1\n",
      "\n",
      "MomentRotation::setMatrix(): Warning- trace of matrix is greater than 3\n",
      "  Matrix:1 0.00062538 -0.000262507\n",
      "-0.000625358 1 9.20525e-05\n",
      "0.000262564 -9.18915e-05 1\n",
      "\n",
      "MomentRotation::setMatrix(): Warning- trace of matrix is greater than 3\n",
      "  Matrix:1 0.000274426 -0.000263098\n",
      "-0.000274404 1 9.19625e-05\n",
      "0.000263123 -9.18935e-05 1\n",
      "\n",
      "MomentRotation::setMatrix(): Warning- trace of matrix is greater than 3\n",
      "  Matrix:1 0.000274426 -0.000263098\n",
      "-0.000274404 1 9.19625e-05\n",
      "0.000263123 -9.18935e-05 1\n",
      "\n",
      "MomentRotation::setMatrix(): Warning- trace of matrix is greater than 3\n",
      "  Matrix:1 1.11243e-05 -0.000263542\n",
      "-1.11027e-05 1 9.18948e-05\n",
      "0.000263542 -9.18951e-05 1\n",
      "\n",
      "MomentRotation::setMatrix(): Warning- trace of matrix is greater than 3\n",
      "  Matrix:1 1.11243e-05 -0.000263542\n",
      "-1.11027e-05 1 9.18948e-05\n",
      "0.000263542 -9.18951e-05 1\n",
      "\n",
      "MomentRotation::setMatrix(): Warning- trace of matrix is greater than 3\n",
      "  Matrix:1 0.000580522 -0.000262582\n",
      "-0.0005805 1 9.2041e-05\n",
      "0.000262636 -9.18917e-05 1\n",
      "\n",
      "MomentRotation::setMatrix(): Warning- trace of matrix is greater than 3\n",
      "  Matrix:1 0.000580522 -0.000262582\n",
      "-0.0005805 1 9.2041e-05\n",
      "0.000262636 -9.18917e-05 1\n",
      "\n",
      "MomentRotation::setMatrix(): Warning- trace of matrix is greater than 3\n",
      "  Matrix:1 -9.14174e-05 -0.000263714\n",
      "9.14389e-05 1 9.18684e-05\n",
      "0.000263706 -9.18957e-05 1\n",
      "\n",
      "MomentRotation::setMatrix(): Warning- trace of matrix is greater than 3\n",
      "  Matrix:1 -9.14174e-05 -0.000263714\n",
      "9.14389e-05 1 9.18684e-05\n",
      "0.000263706 -9.18957e-05 1\n",
      "\n",
      "MomentRotation::setMatrix(): Warning- trace of matrix is greater than 3\n",
      "  Matrix:1 0.000286936 -0.000263077\n",
      "-0.000286914 1 9.19657e-05\n",
      "0.000263103 -9.18934e-05 1\n",
      "\n",
      "MomentRotation::setMatrix(): Warning- trace of matrix is greater than 3\n",
      "  Matrix:1 0.000286936 -0.000263077\n",
      "-0.000286914 1 9.19657e-05\n",
      "0.000263103 -9.18934e-05 1\n",
      "\n",
      "MomentRotation::setMatrix(): Warning- trace of matrix is greater than 3\n",
      "  Matrix:1 0.000519089 -0.000262686\n",
      "-0.000519067 1 9.20252e-05\n",
      "0.000262733 -9.18921e-05 1\n",
      "\n",
      "MomentRotation::setMatrix(): Warning- trace of matrix is greater than 3\n",
      "  Matrix:1 0.000519089 -0.000262686\n",
      "-0.000519067 1 9.20252e-05\n",
      "0.000262733 -9.18921e-05 1\n",
      "\n",
      "MomentRotation::setMatrix(): Warning- trace of matrix is greater than 3\n",
      "  Matrix:1 0.00065748 -0.000262453\n",
      "-0.000657458 1 9.20607e-05\n",
      "0.000262513 -9.18913e-05 1\n",
      "\n",
      "MomentRotation::setMatrix(): Warning- trace of matrix is greater than 3\n",
      "  Matrix:1 0.00065748 -0.000262453\n",
      "-0.000657458 1 9.20607e-05\n",
      "0.000262513 -9.18913e-05 1\n",
      "\n",
      "MomentRotation::setMatrix(): Warning- trace of matrix is greater than 3\n",
      "  Matrix:1 0.000689568 -0.000262399\n",
      "-0.000689546 1 9.20689e-05\n",
      "0.000262462 -9.18912e-05 1\n",
      "\n",
      "MomentRotation::setMatrix(): Warning- trace of matrix is greater than 3\n",
      "  Matrix:1 0.000689568 -0.000262399\n",
      "-0.000689546 1 9.20689e-05\n",
      "0.000262462 -9.18912e-05 1\n",
      "\n",
      "MomentRotation::setMatrix(): Warning- trace of matrix is greater than 3\n",
      "  Matrix:1 0.000600167 -0.000262549\n",
      "-0.000600146 1 9.2046e-05\n",
      "0.000262604 -9.18916e-05 1\n",
      "\n",
      "MomentRotation::setMatrix(): Warning- trace of matrix is greater than 3\n",
      "  Matrix:1 0.000600167 -0.000262549\n",
      "-0.000600146 1 9.2046e-05\n",
      "0.000262604 -9.18916e-05 1\n",
      "\n",
      "MomentRotation::setMatrix(): Warning- trace of matrix is greater than 3\n",
      "  Matrix:1 0.000264785 -0.000263114\n",
      "-0.000264763 1 9.196e-05\n",
      "0.000263139 -9.18935e-05 1\n",
      "\n",
      "MomentRotation::setMatrix(): Warning- trace of matrix is greater than 3\n",
      "  Matrix:1 0.000264785 -0.000263114\n",
      "-0.000264763 1 9.196e-05\n",
      "0.000263139 -9.18935e-05 1\n",
      "\n",
      "MomentRotation::setMatrix(): Warning- trace of matrix is greater than 3\n",
      "  Matrix:1 -8.23642e-05 -0.000263699\n",
      "8.23857e-05 1 9.18708e-05\n",
      "0.000263691 -9.18957e-05 1\n",
      "\n",
      "MomentRotation::setMatrix(): Warning- trace of matrix is greater than 3\n",
      "  Matrix:1 -8.23642e-05 -0.000263699\n",
      "8.23857e-05 1 9.18708e-05\n",
      "0.000263691 -9.18957e-05 1\n",
      "\n",
      "MomentRotation::setMatrix(): Warning- trace of matrix is greater than 3\n",
      "  Matrix:1 -0.000160649 -0.000263831\n",
      "0.000160671 1 9.18506e-05\n",
      "0.000263816 -9.18962e-05 1\n",
      "\n",
      "MomentRotation::setMatrix(): Warning- trace of matrix is greater than 3\n",
      "  Matrix:1 -0.000160649 -0.000263831\n",
      "0.000160671 1 9.18506e-05\n",
      "0.000263816 -9.18962e-05 1\n",
      "\n",
      "MomentRotation::setMatrix(): Warning- trace of matrix is greater than 3\n",
      "  Matrix:1 6.97545e-05 -0.000263443\n",
      "-6.97329e-05 1 9.19099e-05\n",
      "0.000263449 -9.18947e-05 1\n",
      "\n",
      "MomentRotation::setMatrix(): Warning- trace of matrix is greater than 3\n",
      "  Matrix:1 6.97545e-05 -0.000263443\n",
      "-6.97329e-05 1 9.19099e-05\n",
      "0.000263449 -9.18947e-05 1\n",
      "\n",
      "MomentRotation::setMatrix(): Warning- trace of matrix is greater than 3\n",
      "  Matrix:1 3.93552e-05 -0.000263494\n",
      "-3.93336e-05 1 9.19021e-05\n",
      "0.000263498 -9.18949e-05 1\n",
      "\n",
      "MomentRotation::setMatrix(): Warning- trace of matrix is greater than 3\n",
      "  Matrix:1 3.93552e-05 -0.000263494\n",
      "-3.93336e-05 1 9.19021e-05\n",
      "0.000263498 -9.18949e-05 1\n",
      "\n",
      "MomentRotation::setMatrix(): Warning- trace of matrix is greater than 3\n",
      "  Matrix:1 0.000629403 -0.0002625\n",
      "-0.000629381 1 9.20535e-05\n",
      "0.000262558 -9.18915e-05 1\n",
      "\n",
      "MomentRotation::setMatrix(): Warning- trace of matrix is greater than 3\n",
      "  Matrix:1 0.000629403 -0.0002625\n",
      "-0.000629381 1 9.20535e-05\n",
      "0.000262558 -9.18915e-05 1\n",
      "\n",
      "MomentRotation::setMatrix(): Warning- trace of matrix is greater than 3\n",
      "  Matrix:1 0.000393954 -0.000262897\n",
      "-0.000393932 1 9.19932e-05\n",
      "0.000262933 -9.18928e-05 1\n",
      "\n",
      "MomentRotation::setMatrix(): Warning- trace of matrix is greater than 3\n",
      "  Matrix:1 0.000393954 -0.000262897\n",
      "-0.000393932 1 9.19932e-05\n",
      "0.000262933 -9.18928e-05 1\n",
      "\n",
      "MomentRotation::setMatrix(): Warning- trace of matrix is greater than 3\n",
      "  Matrix:1 0.00048957 -0.000262736\n",
      "-0.000489548 1 9.20177e-05\n",
      "0.000262781 -9.18922e-05 1\n",
      "\n",
      "MomentRotation::setMatrix(): Warning- trace of matrix is greater than 3\n",
      "  Matrix:1 0.00048957 -0.000262736\n",
      "-0.000489548 1 9.20177e-05\n",
      "0.000262781 -9.18922e-05 1\n",
      "\n",
      "MomentRotation::setMatrix(): Warning- trace of matrix is greater than 3\n",
      "  Matrix:1 -0.000137673 -0.000263792\n",
      "0.000137695 1 9.18565e-05\n",
      "0.000263779 -9.1896e-05 1\n",
      "\n",
      "MomentRotation::setMatrix(): Warning- trace of matrix is greater than 3\n",
      "  Matrix:1 -0.000137673 -0.000263792\n",
      "0.000137695 1 9.18565e-05\n",
      "0.000263779 -9.1896e-05 1\n",
      "\n",
      "MomentRotation::setMatrix(): Warning- trace of matrix is greater than 3\n",
      "  Matrix:1 0.000582301 -0.000262579\n",
      "-0.000582279 1 9.20414e-05\n",
      "0.000262633 -9.18917e-05 1\n",
      "\n",
      "MomentRotation::setMatrix(): Warning- trace of matrix is greater than 3\n",
      "  Matrix:1 0.000582301 -0.000262579\n",
      "-0.000582279 1 9.20414e-05\n",
      "0.000262633 -9.18917e-05 1\n",
      "\n",
      "MomentRotation::setMatrix(): Warning- trace of matrix is greater than 3\n",
      "  Matrix:1 -0.000148889 -0.000263811\n",
      "0.000148911 1 9.18536e-05\n",
      "0.000263797 -9.18961e-05 1\n",
      "\n",
      "MomentRotation::setMatrix(): Warning- trace of matrix is greater than 3\n",
      "  Matrix:1 -0.000148889 -0.000263811\n",
      "0.000148911 1 9.18536e-05\n",
      "0.000263797 -9.18961e-05 1\n",
      "\n",
      "MomentRotation::setMatrix(): Warning- trace of matrix is greater than 3\n",
      "  Matrix:1 0.000378697 -0.000262922\n",
      "-0.000378675 1 9.19892e-05\n",
      "0.000262957 -9.18929e-05 1\n",
      "\n",
      "MomentRotation::setMatrix(): Warning- trace of matrix is greater than 3\n",
      "  Matrix:1 0.000378697 -0.000262922\n",
      "-0.000378675 1 9.19892e-05\n",
      "0.000262957 -9.18929e-05 1\n",
      "\n",
      "MomentRotation::setMatrix(): Warning- trace of matrix is greater than 3\n",
      "  Matrix:1 0.000191268 -0.000263238\n",
      "-0.000191247 1 9.19411e-05\n",
      "0.000263256 -9.1894e-05 1\n",
      "\n",
      "MomentRotation::setMatrix(): Warning- trace of matrix is greater than 3\n",
      "  Matrix:1 0.000191268 -0.000263238\n",
      "-0.000191247 1 9.19411e-05\n",
      "0.000263256 -9.1894e-05 1\n",
      "\n",
      "MomentRotation::setMatrix(): Warning- trace of matrix is greater than 3\n",
      "  Matrix:1 -0.000120195 -0.000263763\n",
      "0.000120216 1 9.1861e-05\n",
      "0.000263752 -9.18959e-05 1\n",
      "\n",
      "MomentRotation::setMatrix(): Warning- trace of matrix is greater than 3\n",
      "  Matrix:1 -0.000120195 -0.000263763\n",
      "0.000120216 1 9.1861e-05\n",
      "0.000263752 -9.18959e-05 1\n",
      "\n",
      "MomentRotation::setMatrix(): Warning- trace of matrix is greater than 3\n",
      "  Matrix:1 0.000133581 -0.000263335\n",
      "-0.00013356 1 9.19263e-05\n",
      "0.000263347 -9.18943e-05 1\n",
      "\n",
      "MomentRotation::setMatrix(): Warning- trace of matrix is greater than 3\n",
      "  Matrix:1 0.000133581 -0.000263335\n",
      "-0.00013356 1 9.19263e-05\n",
      "0.000263347 -9.18943e-05 1\n",
      "\n",
      "MomentRotation::setMatrix(): Warning- trace of matrix is greater than 3\n",
      "  Matrix:1 2.77199e-05 -0.000263514\n",
      "-2.76983e-05 1 9.18991e-05\n",
      "0.000263516 -9.1895e-05 1\n",
      "\n",
      "MomentRotation::setMatrix(): Warning- trace of matrix is greater than 3\n",
